image: /home/zy/ws/slam_ws/map/20250412-3.pgm
resolution: 0.050000
origin: [-37.726648, -14.884445, 0.0]
negate: 0
occupied_thresh: 0.65
free_thresh: 0.196
