image: /home/zy/ws/slam_ws/map/20250412-1.pgm
resolution: 0.050000
origin: [-16.436658, -9.383786, 0.0]
negate: 0
occupied_thresh: 0.65
free_thresh: 0.196
