image: /home/zy/ws/slam_ws/map/4.16-2.pgm
resolution: 0.050000
origin: [-12.356295, -10.694800, 0.0]
negate: 0
occupied_thresh: 0.65
free_thresh: 0.196
