image: /home/zy/ws/slam_ws/map/4.16-1.pgm
resolution: 0.050000
origin: [-2.650000, -15.100000, 0]
negate: 0
occupied_thresh: 0.65
free_thresh: 0.196
