image: /home/zy/ws/slam_ws/map/20250403-2.pgm
resolution: 0.050000
origin: [-27.564569, -22.177094, 0.0]
negate: 0
occupied_thresh: 0.65
free_thresh: 0.196
