image: /home/zy/ws/slam_ws/map/20250403-1.pgm
resolution: 0.050000
origin: [-26.288855, -20.578513, 0.0]
negate: 0
occupied_thresh: 0.65
free_thresh: 0.196
